,Loan_Status
27,0
443,0
127,1
400,0
279,1
262,0
258,1
461,1
47,0
382,1
50,1
196,1
285,0
241,1
533,0
454,0
414,1
351,1
174,1
410,1
481,1
37,1
118,1
123,1
439,0
494,1
277,1
200,1
353,1
456,0
58,1
583,1
22,0
474,0
554,0
259,1
556,0
462,1
0,1
572,1
530,1
55,1
411,1
508,1
389,1
538,1
128,1
551,0
115,1
584,0
92,1
317,1
328,1
265,1
117,1
44,1
249,1
327,1
165,0
476,1
361,0
536,1
125,0
130,1
91,1
283,1
521,1
303,1
9,0
467,0
254,1
173,0
360,1
307,1
475,0
529,1
512,1
590,1
43,1
543,1
107,1
102,1
218,1
90,1
224,1
244,0
147,0
381,1
315,1
343,0
188,1
482,0
464,1
71,1
478,1
20,0
506,0
302,0
255,1
372,1
425,1
557,1
286,1
313,1
70,1
496,1
359,0
293,0
326,1
539,1
342,1
80,1
435,1
109,1
296,1
186,0
498,1
513,1
517,1
98,1
111,1
330,0
550,1
329,1
65,0
82,0
23,0
178,1
284,1
312,0
84,1
69,1
24,1
67,1
509,1
206,0
52,0
558,0
287,0
179,0
183,1
578,1
145,0
335,1
157,1
440,0
79,1
591,1
375,1
162,1
235,0
100,1
237,1
570,0
194,0
263,1
426,1
458,0
75,0
155,1
49,1
207,1
364,1
300,1
549,1
398,1
21,1
88,1
392,0
233,1
106,0
586,1
535,0
26,1
272,1
367,1
347,1
29,0
537,0
112,1
355,1
588,1
159,0
138,1
460,0
569,0
34,1
510,1
449,1
170,0
595,1
294,0
522,1
208,1
563,1
341,1
379,0
541,0
260,1
99,1
337,1
288,1
13,0
8,1
108,1
139,1
504,0
386,1
493,1
105,0
552,1
433,1
240,1
132,0
553,1
253,0
321,0
497,0
311,1
135,0
451,1
491,0
391,0
16,1
402,0
120,1
5,1
394,1
12,1
490,1
83,1
579,1
191,1
246,1
466,1
261,1
468,1
388,0
446,1
171,1
450,0
114,1
405,1
401,0
124,1
146,1
469,1
370,0
267,1
371,1
211,0
416,1
129,1
136,0
269,1
64,0
276,1
452,1
96,1
373,1
518,1
152,1
239,0
41,1
404,0
60,1
54,1
399,1
465,1
457,1
172,1
350,0
232,1
282,1
252,0
247,1
81,0
593,1
245,0
15,1
525,0
46,1
122,1
548,1
455,1
485,1
169,1
63,0
358,0
338,0
167,1
243,1
492,1
576,0
42,1
181,1
231,1
594,1
314,1
585,1
182,0
161,1
131,1
268,1
437,1
580,0
190,0
197,0
431,1
291,1
516,1
140,1
301,0
547,1
72,0
418,0
214,1
423,0
412,1
227,1
68,0
18,0
203,1
248,0
97,1
39,0
309,1
126,0
250,0
74,0
575,1
153,1
217,1
201,1
204,0
264,1
223,1
202,1
308,1
320,1
415,0
365,0
103,1
220,0
502,1
306,1
473,1
113,1
390,1
561,0
323,1
154,1
210,1
251,0
305,1
205,0
77,0
340,1
10,1
479,1
362,1
421,1
66,1
395,1
352,0
424,1
4,1
441,0
19,1
422,1
199,1
531,1
1,0
48,1
453,1
484,1
500,0
403,1
14,1
363,1
544,1
334,1
160,1
133,0
177,0
242,1
101,1
116,0
436,1
582,1
33,0
76,0
354,1
523,1
31,0
53,0
51,0
344,1
534,1
480,1
36,1
348,1
387,1
488,1
17,0
528,0
483,1
25,1
445,1
89,1
566,1
137,0
281,1
94,0
560,0
28,1
434,1
32,1
45,1
527,1
377,1
378,1
589,0
73,1
134,1
503,1
397,1
215,0
406,0
417,1
444,1
95,1
180,1
156,1
408,0
299,0
256,0
304,1
151,1
540,0
310,1
121,1
298,1
198,1
275,1
238,1
62,0
234,1
150,0
430,1
322,1
78,1
511,0
104,1
420,1
212,1
357,0
383,1
6,1
339,1
438,0
520,0
40,1
448,0
228,1
524,1
229,1
3,1
271,1
280,0
532,1
230,0
419,1
486,1
38,1
331,1
30,0
396,0
